Message: G4JNT IO90 30         

Source-encoded message, 50 bits:
Hex:     F6 5C 05 F7 FA 97 80
Binary:  11110110 01011100 00000101 11110111 11111010 10010111***

Data symbols:
      1 1 1 1 0 0 0 0 0 1 1 1 1 1 1 0 1 1 0 0 0 0 1 0 0 1 1 1 1 0
      1 0 0 0 1 0 0 0 1 0 0 0 0 0 1 0 0 1 0 0 1 0 1 1 0 1 0 1 0 0
      0 1 0 0 1 0 1 0 1 0 0 0 1 0 0 0 0 1 0 1 1 0 0 0 0 0 0 1 1 0
      0 1 1 0 0 1 1 1 1 1 0 0 0 1 1 1 0 0 0 0 0 0 0 1 0 0 1 0 1 0
      1 1 0 0 0 1 1 0 1 1 1 1 0 0 1 0 1 0 1 0 0 0 1 1 1 1 1 0 1 0
      0 1 0 1 1 0 0 1 0 1 1 1

Sync symbols:
      1 1 0 0 0 0 0 0 1 0 0 0 1 1 1 0 0 0 1 0 0 1 0 1 1 1 1 0 0 0
      0 0 0 0 1 0 0 1 0 1 0 0 0 0 0 0 1 0 1 1 0 0 1 1 0 1 0 0 0 1
      1 0 1 0 0 0 0 1 1 0 1 0 1 0 1 0 1 0 0 1 0 0 1 0 1 1 0 0 0 1
      1 0 1 0 1 0 0 0 1 0 0 0 0 0 1 0 0 1 0 0 1 1 1 0 1 1 0 0 1 1
      0 1 0 0 0 1 1 1 0 0 0 0 0 1 0 1 0 0 1 1 0 0 0 0 0 0 0 1 1 0
      1 0 1 1 0 0 0 1 1 0 0 0

Channel symbols:
      3 3 2 2 0 0 0 0 1 2 2 2 3 3 3 0 2 2 1 0 0 1 2 1 1 3 3 2 2 0
      2 0 0 0 3 0 0 1 2 1 0 0 0 0 2 0 1 2 1 1 2 0 3 3 0 3 0 2 0 1
      1 2 1 0 2 0 2 1 3 0 1 0 3 0 1 0 1 2 0 3 2 0 1 0 1 1 0 2 2 1
      1 2 3 0 1 2 2 2 3 2 0 0 0 2 3 2 0 1 0 0 1 1 1 2 1 1 2 0 3 1
      2 3 0 0 0 3 3 1 2 2 2 2 0 1 2 1 2 0 3 1 0 0 2 2 2 2 2 1 3 0
      1 2 1 3 2 0 0 3 1 2 2 2

Decoded message: G4JNT IO90 30            ntype: 30
