Message: OK1HRA JN79 37        

Source-encoded message, 50 bits:
Hex:     A5 F6 13 57 46 79 40
Binary:  10100101 11110110 00010011 01010111 01000110 01111001 01

Data symbols:
      1 1 0 1 0 0 1 0 1 0 0 1 1 1 0 1 0 1 0 1 0 1 1 0 1 1 0 0 1 1
      0 0 1 1 1 0 0 0 1 1 1 1 1 1 1 1 0 1 1 0 1 1 0 0 0 0 1 1 0 1
      1 1 0 1 0 0 1 0 1 0 0 0 0 1 0 1 0 1 1 0 1 0 0 0 0 0 1 0 1 1
      0 1 0 0 1 1 0 1 1 1 0 0 1 1 0 1 1 1 1 1 1 0 1 1 1 1 1 1 0 0
      0 0 0 1 0 1 0 1 1 1 1 1 0 1 1 1 0 0 0 0 0 1 1 1 1 1 1 0 1 1
      0 1 1 1 0 1 0 1 0 1 1 1

Sync symbols:
      1 1 0 0 0 0 0 0 1 0 0 0 1 1 1 0 0 0 1 0 0 1 0 1 1 1 1 0 0 0
      0 0 0 0 1 0 0 1 0 1 0 0 0 0 0 0 1 0 1 1 0 0 1 1 0 1 0 0 0 1
      1 0 1 0 0 0 0 1 1 0 1 0 1 0 1 0 1 0 0 1 0 0 1 0 1 1 0 0 0 1
      1 0 1 0 1 0 0 0 1 0 0 0 0 0 1 0 0 1 0 0 1 1 1 0 1 1 0 0 1 1
      0 1 0 0 0 1 1 1 0 0 0 0 0 1 0 1 0 0 1 1 0 0 0 0 0 0 0 1 1 0
      1 0 1 1 0 0 0 1 1 0 0 0

Channel symbols:
      3 3 0 2 0 0 2 0 3 0 0 2 3 3 1 2 0 2 1 2 0 3 2 1 3 3 1 0 2 2
      0 0 2 2 3 0 0 1 2 3 2 2 2 2 2 2 1 2 3 1 2 2 1 1 0 1 2 2 0 3
      3 2 1 2 0 0 2 1 3 0 1 0 1 2 1 2 1 2 2 1 2 0 1 0 1 1 2 0 2 3
      1 2 1 0 3 2 0 2 3 2 0 0 2 2 1 2 2 3 2 2 3 1 3 2 3 3 2 2 1 1
      0 1 0 2 0 3 1 3 2 2 2 2 0 3 2 3 0 0 1 1 0 2 2 2 2 2 2 1 3 2
      1 2 3 3 0 2 0 3 1 2 2 2

Decoded message: OK1HRA JN79 37           ntype: 37
