Message: K1ABC FN42 37         

Source-encoded message, 50 bits:
Hex:     F7 0C 23 8B 0D 19 40
Binary:  11110111 00001100 00100011 10001011 00001101 00011001 01

Data symbols:
      1 1 0 0 1 0 0 0 0 0 1 0 0 1 0 1 1 1 0 0 0 1 1 1 0 1 1 1 1 0
      1 0 0 0 1 1 0 0 1 1 1 1 0 0 1 1 1 1 0 0 0 1 1 1 1 0 0 1 1 0
      1 1 0 1 1 1 0 1 1 0 1 0 1 0 0 1 0 0 1 0 1 0 1 1 0 1 1 0 0 1
      1 1 1 0 1 1 1 0 1 0 1 0 1 0 0 0 1 1 0 1 0 0 0 1 1 1 0 1 1 0
      1 0 1 1 1 0 1 1 1 0 0 0 0 0 0 1 1 0 0 1 1 1 1 1 1 0 1 1 1 1
      1 1 1 1 1 0 0 1 0 1 1 1

Sync symbols:
      1 1 0 0 0 0 0 0 1 0 0 0 1 1 1 0 0 0 1 0 0 1 0 1 1 1 1 0 0 0
      0 0 0 0 1 0 0 1 0 1 0 0 0 0 0 0 1 0 1 1 0 0 1 1 0 1 0 0 0 1
      1 0 1 0 0 0 0 1 1 0 1 0 1 0 1 0 1 0 0 1 0 0 1 0 1 1 0 0 0 1
      1 0 1 0 1 0 0 0 1 0 0 0 0 0 1 0 0 1 0 0 1 1 1 0 1 1 0 0 1 1
      0 1 0 0 0 1 1 1 0 0 0 0 0 1 0 1 0 0 1 1 0 0 0 0 0 0 0 1 1 0
      1 0 1 1 0 0 0 1 1 0 0 0

Channel symbols:
      3 3 0 0 2 0 0 0 1 0 2 0 1 3 1 2 2 2 1 0 0 3 2 3 1 3 3 2 2 0
      2 0 0 0 3 2 0 1 2 3 2 2 0 0 2 2 3 2 1 1 0 2 3 3 2 1 0 2 2 1
      3 2 1 2 2 2 0 3 3 0 3 0 3 0 1 2 1 0 2 1 2 0 3 2 1 3 2 0 0 3
      3 2 3 0 3 2 2 0 3 0 2 0 2 0 1 0 2 3 0 2 1 1 1 2 3 3 0 2 3 1
      2 1 2 2 2 1 3 3 2 0 0 0 0 1 0 3 2 0 1 3 2 2 2 2 2 0 2 3 3 2
      3 2 3 3 2 0 0 3 1 2 2 2

Decoded message: K1ABC FN42 37            ntype: 37
